(0, 1) (0, 4) 90.00000250447816
(0, 1) (1, 5) 90.00000250447816
(0, 1) (3, 7) 90.00000250447816
(0, 1) (4, 6) 90.00000250447816
(0, 1) (5, 7) 90.00000250447816
(0, 1) (2, 3) 0.0
(0, 1) (6, 7) 0.0
(0, 1) (0, 2) 90.00000250447816
(0, 1) (4, 5) 0.0
(0, 1) (2, 6) 90.00000250447816
(0, 1) (1, 3) 90.00000250447816
(0, 4) (1, 5) 0.0
(0, 4) (3, 7) 0.0
(0, 4) (4, 6) 90.00000250447816
(0, 4) (5, 7) 90.00000250447816
(0, 4) (2, 3) 90.00000250447816
(0, 4) (6, 7) 90.00000250447816
(0, 4) (0, 2) 90.00000250447816
(0, 4) (4, 5) 90.00000250447816
(0, 4) (2, 6) 0.0
(0, 4) (1, 3) 90.00000250447816
(1, 5) (3, 7) 0.0
(1, 5) (4, 6) 90.00000250447816
(1, 5) (5, 7) 90.00000250447816
(1, 5) (2, 3) 90.00000250447816
(1, 5) (6, 7) 90.00000250447816
(1, 5) (0, 2) 90.00000250447816
(1, 5) (4, 5) 90.00000250447816
(1, 5) (2, 6) 0.0
(1, 5) (1, 3) 90.00000250447816
(3, 7) (4, 6) 90.00000250447816
(3, 7) (5, 7) 90.00000250447816
(3, 7) (2, 3) 90.00000250447816
(3, 7) (6, 7) 90.00000250447816
(3, 7) (0, 2) 90.00000250447816
(3, 7) (4, 5) 90.00000250447816
(3, 7) (2, 6) 0.0
(3, 7) (1, 3) 90.00000250447816
(4, 6) (5, 7) 0.0
(4, 6) (2, 3) 90.00000250447816
(4, 6) (6, 7) 90.00000250447816
(4, 6) (0, 2) 0.0
(4, 6) (4, 5) 90.00000250447816
(4, 6) (2, 6) 90.00000250447816
(4, 6) (1, 3) 0.0
(5, 7) (2, 3) 90.00000250447816
(5, 7) (6, 7) 90.00000250447816
(5, 7) (0, 2) 0.0
(5, 7) (4, 5) 90.00000250447816
(5, 7) (2, 6) 90.00000250447816
(5, 7) (1, 3) 0.0
(2, 3) (6, 7) 0.0
(2, 3) (0, 2) 90.00000250447816
(2, 3) (4, 5) 0.0
(2, 3) (2, 6) 90.00000250447816
(2, 3) (1, 3) 90.00000250447816
(6, 7) (0, 2) 90.00000250447816
(6, 7) (4, 5) 0.0
(6, 7) (2, 6) 90.00000250447816
(6, 7) (1, 3) 90.00000250447816
(0, 2) (4, 5) 90.00000250447816
(0, 2) (2, 6) 90.00000250447816
(0, 2) (1, 3) 0.0
(4, 5) (2, 6) 90.00000250447816
(4, 5) (1, 3) 90.00000250447816
(2, 6) (1, 3) 90.00000250447816
