0 (1, 3) (0, 3) 45.00000125223908
0 (1, 3) (0, 1) 45.00000125223908
0 (0, 3) (0, 1) 90.00000250447816
1 (5, 7) (4, 5) 45.00000125223908
1 (5, 7) (4, 7) 44.999994422049916
1 (4, 5) (4, 7) 90.00000250447816
2 (1, 4) (0, 1) 45.000014912617424
2 (1, 4) (0, 4) 45.000014912617424
2 (0, 1) (0, 4) 89.99996835353231
3 (2, 5) (1, 2) 45.000014912617424
3 (2, 5) (1, 5) 45.000014912617424
3 (1, 2) (1, 5) 89.99996835353231
4 (2, 7) (3, 7) 45.00000125223908
4 (2, 7) (2, 3) 45.00000125223908
4 (3, 7) (2, 3) 90.00000250447816
5 (0, 7) (4, 7) 45.00000125223908
5 (0, 7) (0, 4) 45.00000125223908
5 (4, 7) (0, 4) 90.00000250447816
6 (1, 2) (2, 3) 90.00000250447816
6 (1, 2) (1, 3) 45.00000125223908
6 (2, 3) (1, 3) 45.00000125223908
7 (6, 7) (5, 6) 90.00002982523485
7 (6, 7) (5, 7) 44.99997051638782
7 (5, 6) (5, 7) 45.00000125223908
8 (4, 5) (1, 5) 89.99997518372149
8 (4, 5) (1, 4) 45.000014912617424
8 (1, 5) (1, 4) 45.000014912617424
9 (5, 6) (2, 6) 90.00000250447816
9 (5, 6) (2, 5) 45.000014912617424
9 (2, 6) (2, 5) 44.999987591860744
10 (2, 6) (6, 7) 90.00000250447816
10 (2, 6) (2, 7) 45.00000125223908
10 (6, 7) (2, 7) 45.00000125223908
11 (0, 3) (3, 7) 90.00000250447816
11 (0, 3) (0, 7) 45.00000125223908
11 (3, 7) (0, 7) 45.00000125223908
