  8.8364055e+000  4.4298246e+000
  7.9963864e+000  5.1472030e+000
  7.9855542e+000  5.2940514e+000
  7.9675295e+000  5.4401914e+000
  7.9423558e+000  5.5852710e+000
  7.9100938e+000  5.7289405e+000
  7.8708210e+000  5.8708540e+000
  7.8246322e+000  6.0106696e+000
  7.7716386e+000  6.1480503e+000
  7.7119679e+000  6.2826653e+000
  8.7672811e+000  6.8859649e+000
  7.5731858e+000  6.5423082e+000
  7.4944088e+000  6.6667107e+000
  7.4096226e+000  6.7870979e+000
  7.3190314e+000  6.9031799e+000
  7.2228534e+000  7.0146769e+000
  7.1213203e+000  7.1213203e+000
  7.0146769e+000  7.2228534e+000
  7.5230415e+000  8.1725146e+000
  6.7870979e+000  7.4096226e+000
  6.6667107e+000  7.4944088e+000
  6.5423082e+000  7.5731858e+000
  6.4141902e+000  7.6457638e+000
  6.2826653e+000  7.7119679e+000
  6.1480503e+000  7.7716386e+000
  6.0106696e+000  7.8246322e+000
  5.8708540e+000  7.8708210e+000
  5.7289405e+000  7.9100938e+000
  6.3940092e+000  8.9035088e+000
  5.4401914e+000  7.9675295e+000
  5.2940514e+000  7.9855542e+000
  5.1472030e+000  7.9963864e+000
  4.6658986e+000  8.9619883e+000
  4.8527970e+000  7.9963864e+000
  4.7059486e+000  7.9855542e+000
  4.5598086e+000  7.9675295e+000
  4.4147290e+000  7.9423558e+000
  4.2710595e+000  7.9100938e+000
  4.1291460e+000  7.8708210e+000
  3.9893304e+000  7.8246322e+000
  3.8519497e+000  7.7716386e+000
  3.7903226e+000  8.4649123e+000
  3.5858098e+000  7.6457638e+000
  3.4576918e+000  7.5731858e+000
  2.8917051e+000  8.1725146e+000
  3.2129021e+000  7.4096226e+000
  3.0968201e+000  7.3190314e+000
  2.9853231e+000  7.2228534e+000
  2.8786797e+000  7.1213203e+000
  2.6612903e+000  7.3538012e+000
  2.6809686e+000  6.9031799e+000
  2.5903774e+000  6.7870979e+000
  2.1313364e+000  7.5000000e+000
  2.4268142e+000  6.5423082e+000
  2.3542362e+000  6.4141902e+000
  2.2880321e+000  6.2826653e+000
  2.2283614e+000  6.1480503e+000
  1.2788018e+000  7.2660819e+000
  2.1291790e+000  5.8708540e+000
  2.0899062e+000  5.7289405e+000
  2.0576442e+000  5.5852710e+000
  2.0324705e+000  5.4401914e+000
  2.0144458e+000  5.2940514e+000
  2.0036136e+000  5.1472030e+000
  2.0000000e+000  5.0000000e+000
  2.0036136e+000  4.8527970e+000
  2.0144458e+000  4.7059486e+000
  9.7926267e-001  4.5467836e+000
  2.0576442e+000  4.4147290e+000
  2.0899062e+000  4.2710595e+000
  2.1291790e+000  4.1291460e+000
  2.1753678e+000  3.9893304e+000
  2.2283614e+000  3.8519497e+000
  2.2880321e+000  3.7173347e+000
  1.6705069e+000  3.1140351e+000
  2.4268142e+000  3.4576918e+000
  2.5055912e+000  3.3332893e+000
  2.5903774e+000  3.2129021e+000
  2.6809686e+000  3.0968201e+000
  2.7771466e+000  2.9853231e+000
  2.8786797e+000  2.8786797e+000
  2.9853231e+000  2.7771466e+000
  3.0968201e+000  2.6809686e+000
  3.2129021e+000  2.5903774e+000
  2.7995392e+000  1.8567251e+000
  3.4576918e+000  2.4268142e+000
  3.5858098e+000  2.3542362e+000
  3.7173347e+000  2.2880321e+000
  3.8519497e+000  2.2283614e+000
  3.9893304e+000  2.1753678e+000
  4.1291460e+000  2.1291790e+000
  4.2710595e+000  2.0899062e+000
  4.4147290e+000  2.0576442e+000
  4.5598086e+000  2.0324705e+000
  4.7059486e+000  2.0144458e+000
  4.8527970e+000  2.0036136e+000
  4.9654378e+000  8.0409357e-001
  5.1472030e+000  2.0036136e+000
  5.2940514e+000  2.0144458e+000
  5.4401914e+000  2.0324705e+000
  5.5852710e+000  2.0576442e+000
  5.7289405e+000  2.0899062e+000
  5.8708540e+000  2.1291790e+000
  6.0106696e+000  2.1753678e+000
  6.1480503e+000  2.2283614e+000
  6.2826653e+000  2.2880321e+000
  6.2327189e+000  1.6812865e+000
  6.5423082e+000  2.4268142e+000
  6.6667107e+000  2.5055912e+000
  6.7870979e+000  2.5903774e+000
  6.9031799e+000  2.6809686e+000
  7.0146769e+000  2.7771466e+000
  7.1213203e+000  2.8786797e+000
  7.2228534e+000  2.9853231e+000
  7.3190314e+000  3.0968201e+000
  8.0990783e+000  2.4707602e+000
  7.4944088e+000  3.3332893e+000
  7.5731858e+000  3.4576918e+000
  7.6457638e+000  3.5858098e+000
  7.7119679e+000  3.7173347e+000
  7.7716386e+000  3.8519497e+000
  7.8246322e+000  3.9893304e+000
  7.8708210e+000  4.1291460e+000
  7.9100938e+000  4.2710595e+000
  7.9423558e+000  4.4147290e+000
  7.9675295e+000  4.5598086e+000
  7.9855542e+000  4.7059486e+000
  7.9963864e+000  4.8527970e+000
